 25  25  24
 21  21  20
 17  17  16
 13  13  12
252   0   0
217   0   0
178   0   0
133   0   0
101 126  48
 87 108  42
 71  88  34
 53  66  26
101  75  48
 87  64  42
 71  52  34
 53  40  26
 50  75 168
 43  64 145
 36  52 118
 27  40  89
126  62 168
108  53 145
 88  43 118
 66  33  89
 75 126 145
 64 108 125
 52  88 102
 40  66  77
165 165 158
142 142 136
116 116 111
 87  87  83
162 166 174
139 142 149
114 117 122
 85  87  92
239 126 156
206 108 134
168  88 110
126  66  82
126 202  24
108 174  20
 88 142  16
 66 107  12
226 226  48
195 195  42
159 159  34
120 120  26
101 151 204
 87 130 176
 71 107 144
 53  80 108
176  75 204
151  64 176
124  52 144
 93  40 108
213 126  48
184 108  42
150  88  34
113  66  26
252 249 232
217 214 199
178 175 163
133 131 122
244 230 154
210 199 132
172 162 109
128 122  81
149 108  73
128  93  62
105  75  51
 78  56  38
 75  75  72
 64  64  61
 52  52  50
 40  40  38
151 151 145
130 130 125
107 107 102
 80  80  77
111   2   0
 95   1   0
 78   1   0
 58   1   0
 91 216 201
 78 186 173
 63 152 142
 47 114 106
126 176  53
108 151  45
 88 124  37
 66  93  27
247 235  73
212 203  62
174 166  51
130 125  38
197 197 188
169 169 162
138 138 132
104 104  99
158 158 241
136 136 208
111 111 170
 83  83 128
  0 123   0
  0 105   0
  0  86   0
  0  64   0
252 252 241
217 217 208
178 178 170
133 133 128
111 111 106
 95  95  91
 78  78  75
 58  58  56
 63  63 241
 54  54 208
 44  44 170
 33  33 128
141 118  68
122 101  59
 99  83  47
 74  62  36
151  50  48
130  43  42
107  36  34
 80  27  26
 73 126 241
 62 109 208
 51  89 170
 39  66 128
  0 214  55
  0 185  47
  0 151  38
  0 113  28
127  85  46
110  73  40
 90  59  32
 67  44  24
207 175 152
178 150 130
145 123 107
109  92  80
157  81  34
135  69  29
111  56  24
 83  42  18
147  86 102
126  74  88
104  60  72
 77  45  54
111 107 130
 95  92 112
 78  75  92
 58  56  69
184 131  34
158 113  29
129  92  24
 97  69  18
102 116  50
 87  99  43
 71  81  35
 53  60  26
158  76  74
136  65  63
111  53  52
 83  40  39
 56  41  33
 48  35  28
 40  28  23
 30  21  17
133 106  93
115  91  79
 94  74  65
 70  55  48
 86  91  87
 74  78  75
 60  63  60
 45  47  45
121  72  83
104  61  71
 85  50  59
 63  38  43
 75  61  87
 64  52  75
 52  42  60
 40  32  45
 75  49  33
 64  42  28
 52  35  23
 40  26  17
 75  81  40
 64  69  34
 52  56  27
 40  42  21
140  59  43
121  50  37
 99  42  30
 74  31  23
 37  22  15
 31  18  12
 26  15  10
 19  11   8